2.94414001802
1.79631371536
1.7606302388
1.75046898822
1.72763772975
1.70898013657
1.68207751762
1.66884220671
1.65860720572
1.65217959831
1.6517717718
1.64421124908
1.61069688693
1.60894059253
1.60866893716
1.60607411682
1.60493139067
1.58147369428
1.57234357819
1.56367611419
1.56201930664
1.55422873872
1.54884030415
1.54731183492
1.53928059954
1.53531547004
1.53510114099
1.52917510757
1.52615534772
1.51300646665
1.5015509598
1.501409907
1.49795504342
1.49733318596
1.4934813964
1.49323099218
1.49134190432
1.47583517969
1.45832724154
1.45724316091
1.45083768559
1.44763858433
1.44156162958
1.43919942183
1.431463052
1.42649626319
1.42462813645
1.4194851074
1.41421005239
1.4074620217
