2.91569135037
2.39361865924
2.32342155919
2.27726714181
2.10982318244
2.00128743941
1.99516874435
1.94524221015
1.9418113115
1.93535261444
1.91546216398
1.89923222544
1.89764919358
1.89033341285
1.87612919464
1.85676061791
1.8565484986
1.84613157058
1.83806602851
1.81833610839
1.80217294348
1.79627729423
1.7698278288
1.754223518
1.74638126386
1.74319487467
1.73498429224
1.73220727496
1.72054867293
1.71515699705
1.69540637915
1.69513615018
1.69167745082
1.68920530654
1.68806435947
1.68644942358
1.68345759642
1.68190505772
1.67161168885
1.6702823304
1.66831602954
1.66427738684
1.65876137938
1.65874507763
1.65720621814
1.65388987321
1.6525839167
1.65124824461
1.64602286259
1.64531465967
